x_mean= 5.843333333333335 3.057333333333334 3.7580000000000027 1.199333333333334
x_std= 0.8253012917851409 0.43441096773549437 1.7594040657753032 0.7596926279021594
max_level= 6
h_ac_train= 84.0 84.0 94.66666666666667 94.66666666666667 96.66666666666667 97.33333333333334 100.0
h_ac_valid= 84.0 84.0 94.66666666666667 94.66666666666667 96.66666666666667 97.33333333333334 100.0
h_f1_train= 83.9935974389756 83.9935974389756 94.66666666666667 94.66453247965853 96.66633329999667 97.33226623982927 100.0
h_f1_valid= 83.9935974389756 83.9935974389756 94.66666666666667 94.66453247965853 96.66633329999667 97.33226623982927 100.0
max_f1= 100.0 best_h= 7
